<OBJECT>Planet
<OBJECT-NAME>Earth
<OBJECT-DATE>2020/04/08 01:32
<OBJECT-DIAMETER>12742
<OBJECT-GRAVITY>9.8
<OBJECT-GRAVITY-UNIT>g
<OBJECT-STAR-DISTANCE>1.0
<OBJECT-STAR-VELOCITY>0.0
<OBJECT-SOLAR-LONGITUDE>0.0
<OBJECT-SOLAR-LATITUDE>0.00
<OBJECT-SEASON>180.0
<OBJECT-STAR-TYPE>G
<OBJECT-STAR-TEMPERATURE>5777
<OBJECT-STAR-RADIUS>1.0
<OBJECT-OBS-LONGITUDE>180.00
<OBJECT-OBS-LATITUDE>0.00
<OBJECT-OBS-VELOCITY>0.0
<OBJECT-PERIOD>1.58040433
<OBJECT-STAR-METALLICITY>0.0
<OBJECT-INCLINATION>90
<OBJECT-ORBIT>0.06300000,0.00000,1.58040433,0.00000,0.94073,2455701.776757
<OBJECT-POSITION-ANGLE>0.00
<GEOMETRY>Observatory
<GEOMETRY-OFFSET-NS>0.0
<GEOMETRY-OFFSET-EW>0.0
<GEOMETRY-OFFSET-UNIT>arcsec
<GEOMETRY-OBS-ALTITUDE>10
<GEOMETRY-ALTITUDE-UNIT>pc
<GEOMETRY-USER-PARAM>0.0
<GEOMETRY-STELLAR-TYPE>G
<GEOMETRY-STELLAR-TEMPERATURE>5777
<GEOMETRY-STELLAR-MAGNITUDE>0
<GEOMETRY-SOLAR-ANGLE>90.000
<GEOMETRY-OBS-ANGLE>48.121
<GEOMETRY-PLANET-FRACTION>1.000e+00
<GEOMETRY-STAR-DISTANCE>0.000000e+00
<GEOMETRY-STAR-FRACTION>8.386316e-05
<GEOMETRY-REF>User
<GEOMETRY-DISK-ANGLES>1
<GEOMETRY-ROTATION>-0.00,0.21
<GEOMETRY-AZIMUTH>0.000
<GEOMETRY-BRDFSCALER>1.000
<ATMOSPHERE-DESCRIPTION>NASA/MERRA2 / GFS / NCEP / US Weather Service
<ATMOSPHERE-STRUCTURE>Equilibrium
<ATMOSPHERE-WEIGHT>28.97
<ATMOSPHERE-PRESSURE>1.00
<ATMOSPHERE-PUNIT>bar
<ATMOSPHERE-NGAS>8
<ATMOSPHERE-GAS>H2O,CO2,O3,N2O,CO,CH4,O2,N2
<ATMOSPHERE-TYPE>HIT[1],HIT[2],HIT[3],HIT[4],HIT[5],HIT[6],HIT[7],HIT[22]
<ATMOSPHERE-ABUN>1,1,1,1,1,1,1,1
<ATMOSPHERE-UNIT>scl,scl,scl,scl,scl,scl,scl,scl
<ATMOSPHERE-LAYERS-MOLECULES>H2O,CO2,O3,N2O,CO,CH4,O2,NO,SO2,NO2,NH3,HNO3,OH,HF,HCl,HBr,HI,ClO,OCS,H2CO,HOCl,N2,HCN,CH3Cl,H2O2,C2H2,C2H6,PH3,WaterIce
<ATMOSPHERE-LAYERS>72
<ATMOSPHERE-LAYER-1>1.0028e+00,3.0070e+02,3.1163e-02,3.9600e-04,2.0114e-08,3.2000e-07,1.4953e-07,1.7000e-06,2.0900e-01,3.0000e-10,2.9757e-10,2.3000e-11,5.0000e-10,5.0892e-11,0.0000e+00,0.0000e+00,9.7646e-10,1.7000e-12,3.0000e-12,0.0000e+00,5.9907e-10,2.2744e-09,7.9685e-12,7.8100e-01,1.6953e-10,6.9720e-10,1.9953e-10,2.8795e-10,2.0000e-09,0.0000e+00,0.0000e+00
<ATMOSPHERE-LAYER-2>9.8757e-01,2.9938e+02,3.0779e-02,3.9600e-04,2.0183e-08,3.2000e-07,1.4883e-07,1.7000e-06,2.0900e-01,3.0000e-10,2.9394e-10,2.3000e-11,5.0000e-10,5.2234e-11,0.0000e+00,0.0000e+00,9.4137e-10,1.7000e-12,3.0000e-12,0.0000e+00,5.9767e-10,2.0883e-09,8.3740e-12,7.8100e-01,1.6883e-10,6.9301e-10,1.9883e-10,2.7005e-10,2.0000e-09,0.0000e+00,0.0000e+00
<ATMOSPHERE-LAYER-3>9.7239e-01,2.9806e+02,3.0419e-02,3.9600e-04,2.0286e-08,3.2000e-07,1.4814e-07,1.7000e-06,2.0900e-01,3.0000e-10,2.9031e-10,2.3000e-11,5.0000e-10,5.3572e-11,0.0000e+00,0.0000e+00,9.0640e-10,1.7000e-12,3.0000e-12,0.0000e+00,5.9628e-10,1.9029e-09,8.7782e-12,7.8100e-01,1.6814e-10,6.8883e-10,1.9814e-10,2.5221e-10,2.0000e-09,0.0000e+00,0.0000e+00
<ATMOSPHERE-LAYER-4>9.5712e-01,2.9682e+02,2.9820e-02,3.9600e-04,2.0504e-08,3.2000e-07,1.4744e-07,1.7000e-06,2.0900e-01,3.0000e-10,2.8667e-10,2.3000e-11,5.0000e-10,5.4916e-11,0.0000e+00,0.0000e+00,8.7124e-10,1.7000e-12,3.0000e-12,0.0000e+00,5.9488e-10,1.7165e-09,9.1844e-12,7.8100e-01,1.6744e-10,6.8462e-10,1.9744e-10,2.3427e-10,2.0000e-09,0.0000e+00,0.0000e+00
<ATMOSPHERE-LAYER-5>9.4192e-01,2.9589e+02,2.8498e-02,3.9600e-04,2.1090e-08,3.2000e-07,1.4674e-07,1.7000e-06,2.0900e-01,3.0000e-10,2.8305e-10,2.3000e-11,5.0000e-10,5.6255e-11,0.0000e+00,0.0000e+00,8.3624e-10,1.7000e-12,3.0000e-12,0.0000e+00,5.9348e-10,1.5308e-09,9.5888e-12,7.8100e-01,1.6674e-10,6.8044e-10,1.9674e-10,2.1642e-10,2.0000e-09,0.0000e+00,0.0000e+00
<ATMOSPHERE-LAYER-6>9.2673e-01,2.9577e+02,2.6929e-02,3.9600e-04,2.2095e-08,3.2000e-07,1.4604e-07,1.7000e-06,2.0900e-01,3.0000e-10,2.7942e-10,2.3000e-11,5.0000e-10,5.7594e-11,0.0000e+00,0.0000e+00,8.0124e-10,1.7000e-12,3.0000e-12,0.0000e+00,5.9209e-10,1.3451e-09,9.9933e-12,7.8100e-01,1.6604e-10,6.7626e-10,1.9604e-10,1.9856e-10,2.0000e-09,0.0000e+00,0.0000e+00
<ATMOSPHERE-LAYER-7>9.1152e-01,2.9526e+02,2.3836e-02,3.9600e-04,2.4304e-08,3.2000e-07,1.4534e-07,1.7000e-06,2.0900e-01,3.0000e-10,2.7565e-10,2.3000e-11,4.9963e-10,5.8943e-11,0.0000e+00,0.0000e+00,7.6663e-10,1.7000e-12,3.0000e-12,0.0000e+00,5.9068e-10,1.1653e-09,1.0388e-11,7.8100e-01,1.6537e-10,6.7208e-10,1.9536e-10,1.8112e-10,2.0000e-09,0.0000e+00,0.0000e+00
<ATMOSPHERE-LAYER-8>8.9630e-01,2.9420e+02,2.1508e-02,3.9600e-04,2.6313e-08,3.2000e-07,1.4460e-07,1.7000e-06,2.0900e-01,3.0000e-10,2.7104e-10,2.3000e-11,4.9712e-10,6.0349e-11,0.0000e+00,0.0000e+00,7.3432e-10,1.7000e-12,3.0000e-12,0.0000e+00,5.8922e-10,1.0174e-09,1.0724e-11,7.8100e-01,1.6484e-10,6.6790e-10,1.9477e-10,1.6601e-10,2.0000e-09,0.0000e+00,0.0000e+00
<ATMOSPHERE-LAYER-9>8.8107e-01,2.9358e+02,2.0348e-02,3.9600e-04,2.7861e-08,3.2000e-07,1.4382e-07,1.7000e-06,2.0900e-01,3.0000e-10,2.6520e-10,2.3000e-11,4.9143e-10,6.1841e-11,0.0000e+00,0.0000e+00,7.0540e-10,1.7000e-12,3.0000e-12,0.0000e+00,5.8769e-10,9.1489e-10,1.0970e-11,7.8100e-01,1.6454e-10,6.6375e-10,1.9431e-10,1.5427e-10,2.0000e-09,0.0000e+00,0.0000e+00
<ATMOSPHERE-LAYER-10>8.6585e-01,2.9301e+02,2.1715e-02,3.9600e-04,2.8021e-08,3.2000e-07,1.4304e-07,1.7000e-06,2.0900e-01,3.0000e-10,2.5935e-10,2.3000e-11,4.8574e-10,6.3333e-11,0.0000e+00,0.0000e+00,6.7649e-10,1.7000e-12,3.0000e-12,0.0000e+00,5.8615e-10,8.1233e-10,1.1216e-11,7.8100e-01,1.6423e-10,6.5960e-10,1.9384e-10,1.4253e-10,2.0000e-09,0.0000e+00,0.0000e+00
<ATMOSPHERE-LAYER-11>8.5062e-01,2.9233e+02,2.1532e-02,3.9600e-04,2.9167e-08,3.2000e-07,1.4225e-07,1.7000e-06,2.0900e-01,3.0000e-10,2.5351e-10,2.3000e-11,4.8005e-10,6.4825e-11,0.0000e+00,0.0000e+00,6.4756e-10,1.7000e-12,3.0000e-12,0.0000e+00,5.8461e-10,7.0973e-10,1.1462e-11,7.8100e-01,1.6392e-10,6.5545e-10,1.9338e-10,1.3078e-10,2.0000e-09,0.0000e+00,0.0000e+00
<ATMOSPHERE-LAYER-12>8.3538e-01,2.9159e+02,1.9803e-02,3.9600e-04,3.0855e-08,3.2000e-07,1.4147e-07,1.7000e-06,2.0900e-01,3.0000e-10,2.4766e-10,2.3000e-11,4.7436e-10,6.6318e-11,0.0000e+00,0.0000e+00,6.1860e-10,1.7000e-12,3.0000e-12,0.0000e+00,5.8307e-10,6.0666e-10,1.1708e-11,7.8100e-01,1.6361e-10,6.5129e-10,1.9292e-10,1.1901e-10,2.0000e-09,0.0000e+00,0.0000e+00
<ATMOSPHERE-LAYER-13>8.1761e-01,2.9071e+02,1.7586e-02,3.9600e-04,3.2830e-08,3.2000e-07,1.4055e-07,1.7000e-06,2.0900e-01,3.0000e-10,2.4071e-10,2.3000e-11,4.6718e-10,6.8067e-11,0.0000e+00,0.0000e+00,5.8519e-10,1.7000e-12,3.0000e-12,0.0000e+00,5.8127e-10,4.9179e-10,1.1971e-11,7.8100e-01,1.6325e-10,6.4648e-10,1.9238e-10,1.0577e-10,2.0000e-09,0.0000e+00,0.0000e+00
<ATMOSPHERE-LAYER-14>7.9483e-01,2.8957e+02,1.4982e-02,3.9600e-04,3.4819e-08,3.2000e-07,1.3934e-07,1.7000e-06,2.0900e-01,3.0000e-10,2.3078e-10,2.3000e-11,4.5359e-10,7.0398e-11,0.0000e+00,0.0000e+00,5.4520e-10,1.7000e-12,3.0000e-12,0.0000e+00,5.7887e-10,3.8372e-10,1.2110e-11,7.8100e-01,1.6277e-10,6.4063e-10,1.9166e-10,9.2478e-11,2.0000e-09,0.0000e+00,0.0000e+00
<ATMOSPHERE-LAYER-15>7.6946e-01,2.8828e+02,1.2240e-02,3.9600e-04,3.7947e-08,3.2000e-07,1.3793e-07,1.7000e-06,2.0900e-01,3.0000e-10,2.1782e-10,2.3000e-11,4.3020e-10,7.3161e-11,0.0000e+00,0.0000e+00,5.0602e-10,1.7000e-12,3.0000e-12,0.0000e+00,5.7605e-10,3.3379e-10,1.1884e-11,7.8100e-01,1.6221e-10,6.3471e-10,1.9082e-10,8.4498e-11,2.0000e-09,0.0000e+00,0.0000e+00
<ATMOSPHERE-LAYER-16>7.4408e-01,2.8686e+02,1.1519e-02,3.9600e-04,4.0891e-08,3.2000e-07,1.3652e-07,1.7000e-06,2.0900e-01,3.0000e-10,2.0484e-10,2.3000e-11,4.0679e-10,7.5925e-11,0.0000e+00,0.0000e+00,4.6681e-10,1.7000e-12,3.0000e-12,0.0000e+00,5.7323e-10,2.8382e-10,1.1659e-11,7.8100e-01,1.6165e-10,6.2879e-10,1.8997e-10,7.6515e-11,2.0000e-09,0.0000e+00,0.0000e+00
<ATMOSPHERE-LAYER-17>7.1872e-01,2.8528e+02,1.2151e-02,3.9600e-04,4.2083e-08,3.2000e-07,1.3513e-07,1.7000e-06,2.0900e-01,3.0000e-10,1.9183e-10,2.3000e-11,3.8301e-10,7.8701e-11,0.0000e+00,0.0000e+00,4.2822e-10,1.7000e-12,3.0000e-12,0.0000e+00,5.7044e-10,2.3585e-10,1.1413e-11,7.8100e-01,1.6110e-10,6.2297e-10,1.8907e-10,6.8763e-11,1.9996e-09,0.0000e+00,0.0000e+00
<ATMOSPHERE-LAYER-18>6.9335e-01,2.8320e+02,1.1494e-02,3.9600e-04,4.3000e-08,3.2000e-07,1.3393e-07,1.7000e-06,2.0900e-01,3.0000e-10,1.7835e-10,2.3000e-11,3.5564e-10,8.1623e-11,0.0000e+00,0.0000e+00,3.9473e-10,1.7000e-12,3.0000e-12,0.0000e+00,5.6789e-10,2.0388e-10,1.0977e-11,7.8100e-01,1.6074e-10,6.1805e-10,1.8768e-10,6.2978e-11,1.9947e-09,0.0000e+00,0.0000e+00
<ATMOSPHERE-LAYER-19>6.6165e-01,2.8040e+02,9.6344e-03,3.9600e-04,4.5002e-08,3.2000e-07,1.3251e-07,1.7000e-06,2.0900e-01,3.0000e-10,1.6140e-10,2.3000e-11,3.2004e-10,8.5334e-11,0.0000e+00,0.0000e+00,3.5496e-10,1.7000e-12,3.0000e-12,0.0000e+00,5.6480e-10,1.7043e-10,1.0357e-11,7.8100e-01,1.6036e-10,6.1230e-10,1.8574e-10,5.6543e-11,1.9869e-09,0.0000e+00,0.0000e+00
<ATMOSPHERE-LAYER-20>6.2363e-01,2.7804e+02,6.8966e-03,3.9600e-04,4.9129e-08,3.2000e-07,1.3109e-07,1.7000e-06,2.0900e-01,3.0000e-10,1.4244e-10,2.3000e-11,2.7725e-10,8.9803e-11,0.0000e+00,0.0000e+00,3.0879e-10,1.7000e-12,3.0000e-12,0.0000e+00,5.6112e-10,1.3488e-10,9.5725e-12,7.8100e-01,1.6000e-10,6.0637e-10,1.8312e-10,4.9325e-11,1.9762e-09,0.0000e+00,0.0000e+00
<ATMOSPHERE-LAYER-21>5.8559e-01,2.7520e+02,7.4215e-03,3.9600e-04,4.3993e-08,3.2000e-07,1.3062e-07,1.7000e-06,2.0900e-01,3.0000e-10,1.2808e-10,2.3000e-11,2.3420e-10,9.4361e-11,0.0000e+00,0.0000e+00,2.6775e-10,1.7000e-12,3.0000e-12,0.0000e+00,5.5752e-10,1.1440e-10,8.6525e-12,7.8100e-01,1.6000e-10,6.0382e-10,1.7949e-10,4.3786e-11,1.9607e-09,0.0000e+00,0.0000e+00
<ATMOSPHERE-LAYER-22>5.4756e-01,2.7319e+02,8.4343e-03,3.9600e-04,3.7944e-08,3.2000e-07,1.3005e-07,1.7000e-06,2.0900e-01,3.0000e-10,1.1442e-10,2.3000e-11,1.9403e-10,9.9783e-11,0.0000e+00,0.0000e+00,2.2870e-10,1.7000e-12,3.0000e-12,0.0000e+00,5.5381e-10,9.5604e-11,7.7377e-12,7.8100e-01,1.6000e-10,6.0166e-10,1.7513e-10,3.8530e-11,1.9415e-09,0.0000e+00,0.0000e+00
<ATMOSPHERE-LAYER-23>5.0956e-01,2.6916e+02,5.9973e-03,3.9600e-04,4.8213e-08,3.2000e-07,1.2916e-07,1.7000e-06,2.0900e-01,3.0000e-10,1.0263e-10,2.3000e-11,1.6118e-10,1.0747e-10,0.0000e+00,0.0000e+00,1.9475e-10,1.7000e-12,3.0000e-12,0.0000e+00,5.4982e-10,8.1195e-11,6.8410e-12,7.8100e-01,1.6000e-10,6.0054e-10,1.6881e-10,3.4032e-11,1.9131e-09,0.0000e+00,0.0000e+00
<ATMOSPHERE-LAYER-24>4.7156e-01,2.6680e+02,6.3810e-03,3.9600e-04,4.4293e-08,3.2000e-07,1.2741e-07,1.6997e-06,2.0900e-01,3.0000e-10,9.2293e-11,2.3000e-11,1.2984e-10,1.1609e-10,0.0000e+00,0.0000e+00,1.6294e-10,1.7000e-12,3.0000e-12,0.0000e+00,5.4528e-10,6.9623e-11,6.0790e-12,7.8100e-01,1.6000e-10,6.0000e-10,1.6021e-10,3.0571e-11,1.8830e-09,0.0000e+00,8.5740e-08
<ATMOSPHERE-LAYER-25>4.3358e-01,2.6380e+02,5.4403e-03,3.9600e-04,4.5574e-08,3.2000e-07,1.2477e-07,1.6990e-06,2.0900e-01,3.0000e-10,8.3398e-11,2.3000e-11,1.0012e-10,1.2558e-10,0.0000e+00,0.0000e+00,1.3336e-10,1.7000e-12,3.0000e-12,0.0000e+00,5.4020e-10,6.0801e-11,5.4491e-12,7.8100e-01,1.6000e-10,5.9997e-10,1.4927e-10,2.8119e-11,1.8511e-09,0.0000e+00,1.6452e-06
<ATMOSPHERE-LAYER-26>3.9560e-01,2.5874e+02,3.4053e-03,3.9600e-04,5.1718e-08,3.2000e-07,1.2050e-07,1.6976e-06,2.0900e-01,3.0000e-10,7.5680e-11,2.3001e-11,7.5857e-11,1.3476e-10,0.0000e+00,0.0000e+00,1.1017e-10,1.7000e-12,3.0000e-12,0.0000e+00,5.3461e-10,5.3466e-11,4.9376e-12,7.8100e-01,1.6000e-10,5.9864e-10,1.3139e-10,2.6321e-11,1.8095e-09,0.0000e+00,4.1965e-06
<ATMOSPHERE-LAYER-27>3.5765e-01,2.5458e+02,2.8437e-03,3.9600e-04,5.2751e-08,3.1979e-07,1.1471e-07,1.6953e-06,2.0900e-01,3.0000e-10,6.9406e-11,2.3085e-11,5.3514e-11,1.4483e-10,0.0000e+00,0.0000e+00,8.9298e-11,1.7000e-12,3.0000e-12,0.0000e+00,5.2909e-10,4.6822e-11,4.5805e-12,7.8100e-01,1.6000e-10,5.9633e-10,1.0961e-10,2.4878e-11,1.7606e-09,0.0000e+00,1.5467e-05
<ATMOSPHERE-LAYER-28>3.1372e-01,2.4718e+02,1.2824e-03,3.9600e-04,5.9136e-08,3.1892e-07,1.0592e-07,1.6902e-06,2.0900e-01,3.0000e-10,6.3901e-11,2.3419e-11,3.1504e-11,1.6047e-10,0.0000e+00,0.0000e+00,6.8414e-11,1.7000e-12,3.0000e-12,0.0000e+00,5.2251e-10,4.0116e-11,4.3864e-12,7.8100e-01,1.6000e-10,5.9186e-10,7.9145e-11,2.3536e-11,1.6697e-09,0.0000e+00,1.7561e-05
<ATMOSPHERE-LAYER-29>2.6695e-01,2.3811e+02,7.3554e-04,3.9600e-04,6.1532e-08,3.1599e-07,9.4739e-08,1.6801e-06,2.0900e-01,3.0000e-10,5.9386e-11,2.4978e-11,1.5711e-11,1.8769e-10,0.0000e+00,0.0000e+00,5.1497e-11,1.7000e-12,3.0000e-12,0.0000e+00,5.1360e-10,3.5327e-11,4.4914e-12,7.8100e-01,1.6000e-10,5.8359e-10,4.6369e-11,2.1768e-11,1.4430e-09,0.0000e+00,3.3274e-05
<ATMOSPHERE-LAYER-30>2.2670e-01,2.2971e+02,3.7463e-04,3.9600e-04,6.0834e-08,3.1131e-07,8.2767e-08,1.6672e-06,2.0900e-01,3.0000e-10,5.6768e-11,2.9371e-11,8.1522e-12,2.2528e-10,0.0000e+00,1.6539e-12,4.4553e-11,1.7000e-12,3.0000e-12,0.0000e+00,5.0242e-10,3.4063e-11,4.8648e-12,7.8100e-01,1.6000e-10,5.7123e-10,2.5463e-11,1.8885e-11,1.1125e-09,0.0000e+00,4.6462e-05
<ATMOSPHERE-LAYER-31>1.9258e-01,2.1937e+02,1.2942e-04,3.9600e-04,5.9033e-08,3.0640e-07,6.8653e-08,1.6508e-06,2.0900e-01,2.9934e-10,5.5934e-11,4.0067e-11,4.2049e-12,2.6406e-10,0.0000e+00,2.7242e-12,5.7765e-11,1.7000e-12,3.0000e-12,0.0000e+00,4.8746e-10,3.4625e-11,5.1484e-12,7.8100e-01,1.5934e-10,5.5414e-10,1.3769e-11,1.4108e-11,8.1207e-10,0.0000e+00,4.2141e-05
<ATMOSPHERE-LAYER-32>1.6366e-01,2.1018e+02,4.2762e-05,3.9600e-04,5.7875e-08,3.0134e-07,5.4225e-08,1.6316e-06,2.0900e-01,2.9618e-10,5.6253e-11,6.5871e-11,1.7023e-12,3.1620e-10,0.0000e+00,4.1780e-12,9.0421e-11,1.7000e-12,3.0000e-12,0.0000e+00,4.6648e-10,3.5846e-11,5.4880e-12,7.8100e-01,1.5759e-10,5.3389e-10,7.8307e-12,8.7876e-12,5.6260e-10,0.0000e+00,3.4213e-05
<ATMOSPHERE-LAYER-33>1.3912e-01,2.0264e+02,1.6206e-05,3.9600e-04,5.8173e-08,2.9603e-07,4.2624e-08,1.6112e-06,2.0900e-01,2.8656e-10,5.7174e-11,1.4248e-10,0.0000e+00,4.1672e-10,0.0000e+00,6.3577e-12,1.4462e-10,1.7000e-12,3.0000e-12,0.0000e+00,4.3608e-10,3.6200e-11,6.4865e-12,7.8100e-01,1.5559e-10,5.1041e-10,4.9085e-12,5.3501e-12,3.8273e-10,0.0000e+00,2.9899e-05
<ATMOSPHERE-LAYER-34>1.1825e-01,1.9732e+02,4.3375e-06,3.9600e-04,7.3099e-08,2.9001e-07,3.3700e-08,1.5899e-06,2.0900e-01,2.7318e-10,5.7500e-11,2.6790e-10,0.0000e+00,6.3861e-10,0.0000e+00,9.3227e-12,2.1145e-10,1.7000e-12,3.0000e-12,0.0000e+00,4.0112e-10,3.5938e-11,8.1106e-12,7.8100e-01,1.5304e-10,4.8598e-10,3.3750e-12,3.2563e-12,2.5577e-10,0.0000e+00,2.1129e-07
<ATMOSPHERE-LAYER-35>1.0051e-01,1.9329e+02,2.8433e-06,3.9600e-04,8.0294e-08,2.8200e-07,2.7174e-08,1.5644e-06,2.0900e-01,2.5830e-10,5.5197e-11,4.4023e-10,0.0000e+00,1.0843e-09,0.0000e+00,1.4379e-11,2.8307e-10,1.7000e-12,3.0000e-12,0.0000e+00,3.6375e-10,3.5315e-11,1.0728e-11,7.8100e-01,1.5018e-10,4.6003e-10,2.5521e-12,1.9596e-12,1.7460e-10,0.0000e+00,6.1134e-23
<ATMOSPHERE-LAYER-36>8.5439e-02,1.9127e+02,3.0048e-06,3.9600e-04,1.3314e-07,2.7205e-07,2.1971e-08,1.5351e-06,2.0900e-01,2.4530e-10,5.0407e-11,6.5966e-10,0.0000e+00,1.7565e-09,0.0000e+00,2.1812e-11,3.5319e-10,1.7000e-12,3.0000e-12,0.0000e+00,3.2623e-10,3.4553e-11,1.4400e-11,7.8100e-01,1.4677e-10,4.3337e-10,2.2665e-12,1.1665e-12,1.2444e-10,0.0000e+00,8.4625e-31
<ATMOSPHERE-LAYER-37>7.2558e-02,1.9262e+02,3.2274e-06,3.9600e-04,3.2597e-07,2.5968e-07,1.7510e-08,1.4999e-06,2.0900e-01,2.4206e-10,4.3623e-11,9.2001e-10,0.0000e+00,2.6566e-09,0.0000e+00,3.3176e-11,4.1439e-10,1.7000e-12,3.0000e-12,1.5556e-12,2.9095e-10,3.4045e-11,1.9548e-11,7.8100e-01,1.4294e-10,4.0759e-10,2.4669e-12,0.0000e+00,9.1903e-11,0.0000e+00,0.0000e+00
<ATMOSPHERE-LAYER-38>6.1496e-02,1.9859e+02,3.7099e-06,3.9600e-04,6.4244e-07,2.4451e-07,1.4388e-08,1.4517e-06,2.0900e-01,2.4956e-10,3.5758e-11,1.2268e-09,0.0000e+00,3.6905e-09,0.0000e+00,4.9044e-11,4.6575e-10,1.7000e-12,3.0000e-12,3.3540e-12,2.5732e-10,3.4102e-11,2.6694e-11,7.8100e-01,1.3898e-10,3.8186e-10,3.1854e-12,0.0000e+00,6.9745e-11,0.0000e+00,0.0000e+00
<ATMOSPHERE-LAYER-39>5.2016e-02,2.0441e+02,3.9147e-06,3.9600e-04,1.3714e-06,2.2748e-07,1.2788e-08,1.3876e-06,2.0900e-01,2.6661e-10,2.9157e-11,1.5852e-09,0.0000e+00,4.5904e-09,0.0000e+00,6.8251e-11,5.0641e-10,1.7000e-12,3.0000e-12,6.4917e-12,2.2676e-10,3.5619e-11,3.7136e-11,7.8100e-01,1.3542e-10,3.5528e-10,4.7034e-12,0.0000e+00,5.2503e-11,0.0000e+00,0.0000e+00
<ATMOSPHERE-LAYER-40>4.3910e-02,2.0533e+02,4.0637e-06,3.9600e-04,1.7065e-06,2.1116e-07,1.2320e-08,1.3072e-06,2.0900e-01,2.9428e-10,2.4453e-11,1.9904e-09,0.0000e+00,5.2396e-09,0.0000e+00,8.9971e-11,5.3755e-10,1.7000e-12,3.0000e-12,9.6191e-12,1.9902e-10,3.8816e-11,5.1369e-11,7.8100e-01,1.3170e-10,3.2802e-10,8.3161e-12,0.0000e+00,3.8960e-11,0.0000e+00,0.0000e+00
<ATMOSPHERE-LAYER-41>3.6993e-02,2.0902e+02,4.2051e-06,3.9600e-04,2.8133e-06,1.9954e-07,1.2817e-08,1.2184e-06,2.0900e-01,3.4210e-10,2.1409e-11,2.4381e-09,0.0000e+00,5.6454e-09,0.0000e+00,1.1489e-10,5.6622e-10,1.7000e-12,3.0000e-12,1.3680e-11,1.7211e-10,4.3413e-11,7.0117e-11,7.8100e-01,1.2669e-10,2.9647e-10,1.6525e-11,0.0000e+00,2.8702e-11,0.0000e+00,0.0000e+00
<ATMOSPHERE-LAYER-42>3.1089e-02,2.1390e+02,4.2410e-06,3.9600e-04,4.0238e-06,1.8950e-07,1.3797e-08,1.1339e-06,2.0900e-01,4.3118e-10,1.9370e-11,2.9555e-09,0.0000e+00,5.8182e-09,1.0727e-12,1.4412e-10,5.9768e-10,1.7000e-12,3.0000e-12,2.0832e-11,1.4288e-10,4.9380e-11,9.4256e-11,7.8100e-01,1.2031e-10,2.5628e-10,3.3232e-11,0.0000e+00,2.0446e-11,0.0000e+00,0.0000e+00
<ATMOSPHERE-LAYER-43>2.6049e-02,2.1671e+02,4.2468e-06,3.9600e-04,5.3574e-06,1.7657e-07,1.5112e-08,1.0601e-06,2.0900e-01,6.6600e-10,1.7622e-11,3.6848e-09,0.0000e+00,5.6287e-09,2.0972e-12,1.7940e-10,6.4718e-10,1.7092e-12,3.0000e-12,3.8295e-11,1.1035e-10,5.7583e-11,1.2842e-10,7.8100e-01,1.1349e-10,1.9563e-10,5.9970e-11,0.0000e+00,1.2744e-11,0.0000e+00,0.0000e+00
<ATMOSPHERE-LAYER-44>2.1761e-02,2.1783e+02,4.2489e-06,3.9600e-04,6.2976e-06,1.6740e-07,1.6191e-08,1.0218e-06,2.0900e-01,9.7542e-10,1.6475e-11,4.2623e-09,0.0000e+00,5.2244e-09,3.5565e-12,2.0543e-10,6.9981e-10,1.7344e-12,3.0000e-12,6.1714e-11,8.7988e-11,6.4985e-11,1.5687e-10,7.8100e-01,1.0910e-10,1.5146e-10,8.2012e-11,0.0000e+00,9.0468e-12,0.0000e+00,0.0000e+00
<ATMOSPHERE-LAYER-45>1.8124e-02,2.2037e+02,4.2538e-06,3.9600e-04,7.7584e-06,1.5983e-07,1.7097e-08,9.9117e-07,2.0900e-01,1.2435e-09,1.5529e-11,4.7444e-09,0.0000e+00,4.8684e-09,4.8272e-12,2.2706e-10,7.4487e-10,1.7569e-12,3.0000e-12,8.2037e-11,6.9512e-11,7.1248e-11,1.8075e-10,7.8100e-01,1.0549e-10,1.1496e-10,1.0049e-10,0.0000e+00,6.1358e-12,0.0000e+00,0.0000e+00
<ATMOSPHERE-LAYER-46>1.5050e-02,2.2092e+02,4.2826e-06,3.9600e-04,9.3791e-06,1.5063e-07,1.8517e-08,9.5213e-07,2.0900e-01,1.8358e-09,1.4450e-11,5.4514e-09,0.0000e+00,4.3069e-09,8.1831e-12,2.5518e-10,8.6359e-10,1.8265e-12,3.0000e-12,1.3240e-10,4.9232e-11,7.9321e-11,2.1298e-10,7.8100e-01,1.0134e-10,8.0165e-11,1.1868e-10,0.0000e+00,4.0297e-12,0.0000e+00,0.0000e+00
<ATMOSPHERE-LAYER-47>1.2460e-02,2.2781e+02,4.3404e-06,3.9600e-04,1.0848e-05,1.4242e-07,1.9819e-08,9.1712e-07,2.0900e-01,2.3939e-09,1.3496e-11,6.0953e-09,0.0000e+00,3.7918e-09,1.1379e-11,2.8046e-10,9.7664e-10,1.8933e-12,3.0000e-12,1.8020e-10,3.1392e-11,8.6572e-11,2.4208e-10,7.8100e-01,9.7669e-11,5.0209e-11,1.3442e-10,0.0000e+00,2.3125e-12,0.0000e+00,0.0000e+00
<ATMOSPHERE-LAYER-48>1.0285e-02,2.3243e+02,4.4406e-06,3.9600e-04,1.1682e-05,1.2854e-07,2.1360e-08,8.7009e-07,2.0900e-01,3.5324e-09,1.2723e-11,6.7064e-09,0.0000e+00,3.1415e-09,2.3305e-11,3.0226e-10,1.1400e-09,2.0873e-12,3.0000e-12,2.7451e-10,2.0493e-11,9.4430e-11,2.7154e-10,7.8100e-01,9.3709e-11,3.1952e-11,1.3600e-10,0.0000e+00,1.4682e-12,0.0000e+00,0.0000e+00
<ATMOSPHERE-LAYER-49>8.4564e-03,2.3887e+02,4.6071e-06,3.9600e-04,1.0384e-05,1.1590e-07,2.2716e-08,8.2788e-07,2.0900e-01,4.5959e-09,1.2087e-11,7.2118e-09,0.0000e+00,2.5660e-09,3.5249e-11,3.2071e-10,1.2873e-09,2.2741e-12,3.0000e-12,3.6081e-10,1.1903e-11,1.0125e-10,2.9663e-10,7.8100e-01,9.0254e-11,1.7634e-11,1.3542e-10,0.0000e+00,0.0000e+00,0.0000e+00,0.0000e+00
<ATMOSPHERE-LAYER-50>6.9183e-03,2.4874e+02,4.8511e-06,3.9600e-04,8.8628e-06,1.0140e-07,2.4065e-08,7.7661e-07,2.0900e-01,6.1889e-09,1.1782e-11,7.2545e-09,0.0000e+00,1.9862e-09,6.5462e-11,3.3780e-10,1.4643e-09,2.6159e-12,3.0000e-12,4.5297e-10,7.1488e-12,1.0736e-10,3.1189e-10,7.8100e-01,8.6714e-11,1.1195e-11,1.2138e-10,0.0000e+00,0.0000e+00,0.0000e+00,0.0000e+00
<ATMOSPHERE-TAU>1,1,1,1
<ATMOSPHERE-NAERO>0
<ATMOSPHERE-NMAX>0
<ATMOSPHERE-LMAX>0
<ATMOSPHERE-TEMPERATURE>300
<ATMOSPHERE-CONTINUUM>Rayleigh,Refraction,CIA_all,UV_all
<ATMOSPHERE-LAYER-51>5.6318e-03,2.4793e+02,4.9717e-06,3.9600e-04,8.2241e-06,8.7286e-08,2.5401e-08,7.2818e-07,2.0900e-01,7.6055e-09,1.1706e-11,7.0642e-09,0.0000e+00,1.4978e-09,1.0180e-10,3.5308e-10,1.5954e-09,3.0041e-12,3.0000e-12,5.2895e-10,3.7365e-12,1.1142e-10,3.1740e-10,7.8100e-01,8.3669e-11,6.4358e-12,1.0710e-10,0.0000e+00,0.0000e+00,0.0000e+00,0.0000e+00
<ATMOSPHERE-LAYER-52>4.5617e-03,2.4822e+02,5.1707e-06,3.9600e-04,7.5428e-06,7.1407e-08,2.6945e-08,6.7640e-07,2.0900e-01,8.9586e-09,1.2013e-11,6.4369e-09,0.0000e+00,1.0845e-09,1.5500e-10,3.6784e-10,1.6692e-09,3.5392e-12,3.0000e-12,5.8983e-10,2.0699e-12,1.1265e-10,3.0695e-10,7.8100e-01,8.0963e-11,3.7790e-12,8.9937e-11,0.0000e+00,0.0000e+00,0.0000e+00,0.0000e+00
<ATMOSPHERE-LAYER-53>3.6765e-03,2.4941e+02,5.4480e-06,3.9600e-04,6.9445e-06,5.6417e-08,2.9116e-08,6.1454e-07,2.0900e-01,1.0237e-08,1.2823e-11,5.1846e-09,0.0000e+00,7.5823e-10,2.2546e-10,3.8309e-10,1.7141e-09,4.2783e-12,3.0000e-12,6.0121e-10,1.1520e-12,1.0818e-10,2.7700e-10,7.8100e-01,7.8319e-11,2.2054e-12,7.4780e-11,0.0000e+00,0.0000e+00,0.0000e+00,0.0000e+00
<ATMOSPHERE-LAYER-54>2.9483e-03,2.5228e+02,5.6807e-06,3.9600e-04,6.2565e-06,4.3022e-08,3.1473e-08,5.5155e-07,2.0900e-01,1.1284e-08,1.3947e-11,3.8075e-09,0.0000e+00,4.9939e-10,2.9947e-10,3.9679e-10,1.7424e-09,5.0559e-12,3.0000e-12,5.7562e-10,0.0000e+00,1.0019e-10,2.3795e-10,7.8100e-01,7.5905e-11,1.2660e-12,6.2265e-11,0.0000e+00,0.0000e+00,0.0000e+00,0.0000e+00
<ATMOSPHERE-LAYER-55>2.3526e-03,2.5631e+02,5.9270e-06,3.9600e-04,5.2388e-06,3.0673e-08,3.4360e-08,4.7978e-07,2.0900e-01,1.1774e-08,1.5979e-11,2.5039e-09,0.0000e+00,3.0244e-10,3.8428e-10,4.0731e-10,1.7564e-09,5.9110e-12,3.0000e-12,4.6208e-10,0.0000e+00,8.3719e-11,1.7908e-10,7.8100e-01,7.3592e-11,0.0000e+00,5.3854e-11,0.0000e+00,0.0000e+00,0.0000e+00,0.0000e+00
<ATMOSPHERE-LAYER-56>1.8679e-03,2.5973e+02,6.1871e-06,3.9600e-04,4.4207e-06,2.1194e-08,3.7697e-08,4.0788e-07,2.0900e-01,1.1791e-08,1.8950e-11,1.6147e-09,0.0000e+00,1.8068e-10,4.6317e-10,4.1599e-10,1.7763e-09,6.5220e-12,3.0000e-12,3.3391e-10,0.0000e+00,6.2458e-11,1.2774e-10,7.8100e-01,7.1367e-11,0.0000e+00,4.7725e-11,0.0000e+00,0.0000e+00,0.0000e+00,0.0000e+00
<ATMOSPHERE-LAYER-57>1.4757e-03,2.6200e+02,6.4259e-06,3.9600e-04,3.7310e-06,1.4173e-08,4.1186e-08,3.4028e-07,2.0900e-01,1.1514e-08,2.2782e-11,1.0213e-09,0.0000e+00,1.0930e-10,5.2908e-10,4.2180e-10,1.7927e-09,6.9112e-12,3.0000e-12,2.2574e-10,0.0000e+00,3.9717e-11,8.4582e-11,7.8100e-01,6.9202e-11,0.0000e+00,4.2698e-11,0.0000e+00,0.0000e+00,0.0000e+00,0.0000e+00
<ATMOSPHERE-LAYER-58>1.1600e-03,2.6378e+02,6.6253e-06,3.9600e-04,3.1432e-06,9.3777e-09,4.4820e-08,2.7730e-07,2.0900e-01,1.1000e-08,2.7701e-11,6.6599e-10,0.0000e+00,7.6999e-11,5.7901e-10,4.2400e-10,1.8000e-09,7.0800e-12,3.0000e-12,1.5600e-10,0.0000e+00,1.6299e-11,4.9198e-11,7.8100e-01,6.7000e-11,0.0000e+00,3.8000e-11,0.0000e+00,0.0000e+00,0.0000e+00,0.0000e+00
<ATMOSPHERE-LAYER-59>9.0729e-04,2.6476e+02,6.8007e-06,3.9600e-04,2.5776e-06,5.5576e-09,4.9858e-08,2.2172e-07,2.0900e-01,1.0422e-08,3.4224e-11,4.8183e-10,0.0000e+00,5.9244e-11,6.5828e-10,4.2483e-10,1.8000e-09,7.1296e-12,3.0000e-12,1.1306e-10,0.0000e+00,7.0504e-12,2.9462e-11,7.8100e-01,6.4770e-11,0.0000e+00,3.5357e-11,0.0000e+00,0.0000e+00,0.0000e+00,0.0000e+00
<ATMOSPHERE-LAYER-60>7.0596e-04,2.6257e+02,6.9236e-06,3.9600e-04,2.1832e-06,4.1003e-09,5.4242e-08,1.9330e-07,2.0900e-01,1.0226e-08,3.9431e-11,4.0432e-10,0.0000e+00,5.1408e-11,7.7841e-10,4.2500e-10,1.8000e-09,7.1437e-12,3.0000e-12,9.3920e-11,0.0000e+00,3.9469e-12,2.1469e-11,7.8100e-01,6.3482e-11,0.0000e+00,3.5321e-11,0.0000e+00,0.0000e+00,0.0000e+00,0.0000e+00
<ATMOSPHERE-LAYER-61>5.4629e-04,2.5670e+02,7.0069e-06,3.9600e-04,1.9382e-06,3.3975e-09,5.7824e-08,1.7529e-07,2.0900e-01,1.0145e-08,4.3563e-11,3.6259e-10,0.0000e+00,4.6996e-11,8.8993e-10,4.2500e-10,1.8000e-09,7.1477e-12,3.0000e-12,8.3048e-11,0.0000e+00,2.7033e-12,1.7337e-11,7.8100e-01,6.2599e-11,0.0000e+00,3.5882e-11,0.0000e+00,0.0000e+00,0.0000e+00,0.0000e+00
<ATMOSPHERE-LAYER-62>4.2042e-04,2.4989e+02,7.0185e-06,3.9600e-04,1.7957e-06,2.8467e-09,6.1448e-08,1.6262e-07,2.0900e-01,1.0100e-08,4.6818e-11,3.3015e-10,0.0000e+00,4.3500e-11,1.0853e-09,4.2500e-10,1.8000e-09,7.1500e-12,3.0000e-12,7.4621e-11,0.0000e+00,1.8443e-12,1.4262e-11,7.8100e-01,6.1789e-11,0.0000e+00,3.8872e-11,0.0000e+00,0.0000e+00,0.0000e+00,0.0000e+00
<ATMOSPHERE-LAYER-63>3.2178e-04,2.4281e+02,7.0155e-06,3.9600e-04,1.7147e-06,2.4217e-09,6.5880e-08,1.5576e-07,2.0900e-01,1.0100e-08,4.9364e-11,3.0560e-10,0.0000e+00,4.0727e-11,1.4521e-09,4.2500e-10,1.8000e-09,7.1500e-12,3.0000e-12,6.8303e-11,0.0000e+00,1.4124e-12,1.2217e-11,7.8100e-01,6.0925e-11,0.0000e+00,4.6282e-11,0.0000e+00,0.0000e+00,0.0000e+00,0.0000e+00
<ATMOSPHERE-LAYER-64>2.4494e-04,2.3674e+02,6.9851e-06,3.9600e-04,1.7181e-06,2.0906e-09,6.9333e-08,1.5041e-07,2.0900e-01,1.0100e-08,5.1347e-11,2.8648e-10,0.0000e+00,3.8567e-11,1.7379e-09,4.2500e-10,1.8000e-09,7.1500e-12,3.0000e-12,6.3380e-11,0.0000e+00,1.0760e-12,1.0623e-11,7.8100e-01,6.0252e-11,0.0000e+00,5.2054e-11,0.0000e+00,0.0000e+00,0.0000e+00,0.0000e+00
<ATMOSPHERE-LAYER-65>1.8542e-04,2.3221e+02,6.9639e-06,3.9600e-04,1.8314e-06,1.8116e-09,7.9716e-08,1.5000e-07,2.0900e-01,1.0191e-08,5.1318e-11,2.7047e-10,0.0000e+00,3.6811e-11,2.6590e-09,4.2500e-10,1.8000e-09,7.1500e-12,3.0000e-12,5.9458e-11,0.0000e+00,0.0000e+00,9.5193e-12,7.8100e-01,5.9564e-11,0.0000e+00,8.5873e-11,0.0000e+00,0.0000e+00,0.0000e+00,0.0000e+00
<ATMOSPHERE-LAYER-66>1.3960e-04,2.2642e+02,6.8312e-06,3.9600e-04,2.0413e-06,1.5950e-09,8.8368e-08,1.5000e-07,2.0900e-01,1.0268e-08,5.1163e-11,2.5804e-10,0.0000e+00,3.5452e-11,3.4279e-09,4.2500e-10,1.8000e-09,7.1500e-12,3.0000e-12,5.6429e-11,0.0000e+00,0.0000e+00,8.6805e-12,7.8100e-01,5.9021e-11,0.0000e+00,1.1442e-10,0.0000e+00,0.0000e+00,0.0000e+00,0.0000e+00
<ATMOSPHERE-LAYER-67>1.0452e-04,2.1809e+02,6.7904e-06,3.9600e-04,2.3717e-06,1.4134e-09,1.1853e-07,1.5000e-07,2.0900e-01,1.0614e-08,4.9034e-11,2.4725e-10,0.0000e+00,3.4325e-11,4.6423e-09,4.2500e-10,1.8000e-09,7.1500e-12,3.0000e-12,5.3945e-11,0.0000e+00,0.0000e+00,8.0183e-12,7.8100e-01,5.8460e-11,0.0000e+00,1.9164e-10,0.0000e+00,0.0000e+00,0.0000e+00,0.0000e+00
<ATMOSPHERE-LAYER-68>7.7673e-05,2.0920e+02,6.6264e-06,3.9600e-04,2.7929e-06,1.2608e-09,1.6197e-07,1.5000e-07,2.0900e-01,1.1125e-08,4.5667e-11,2.3787e-10,0.0000e+00,3.3387e-11,6.1127e-09,4.2500e-10,1.8000e-09,7.1500e-12,3.0000e-12,5.1899e-11,0.0000e+00,0.0000e+00,7.4941e-12,7.8100e-01,5.7906e-11,0.0000e+00,2.9862e-10,0.0000e+00,0.0000e+00,0.0000e+00,0.0000e+00
<ATMOSPHERE-LAYER-69>5.6793e-05,2.0009e+02,6.5163e-06,3.9600e-04,3.1979e-06,1.1392e-09,2.0795e-07,1.5000e-07,2.0900e-01,1.1674e-08,4.2638e-11,2.3040e-10,0.0000e+00,3.2643e-11,7.3413e-09,4.2500e-10,1.8000e-09,7.1500e-12,3.0000e-12,5.0279e-11,0.0000e+00,0.0000e+00,7.0806e-12,7.8100e-01,5.7451e-11,0.0000e+00,4.0504e-10,0.0000e+00,0.0000e+00,0.0000e+00,0.0000e+00
<ATMOSPHERE-LAYER-70>4.0142e-05,1.9096e+02,5.9547e-06,3.9600e-04,3.6119e-06,1.0039e-09,4.0307e-07,1.5000e-07,2.0900e-01,1.4067e-08,3.4885e-11,2.2207e-10,0.0000e+00,3.1863e-11,9.4278e-09,4.2500e-10,1.8000e-09,7.1500e-12,3.0000e-12,4.8614e-11,0.0000e+00,0.0000e+00,6.6747e-12,7.8100e-01,5.6775e-11,0.0000e+00,7.9163e-10,0.0000e+00,0.0000e+00,0.0000e+00,0.0000e+00
<ATMOSPHERE-LAYER-71>2.6350e-05,1.8255e+02,4.7293e-06,3.9600e-04,4.1644e-06,8.9184e-10,5.6470e-07,1.5000e-07,2.0900e-01,1.6050e-08,2.8463e-11,2.1517e-10,0.0000e+00,3.1216e-11,1.1156e-08,4.2500e-10,1.8000e-09,7.1500e-12,3.0000e-12,4.7235e-11,0.0000e+00,0.0000e+00,6.3385e-12,7.8100e-01,5.6214e-11,0.0000e+00,1.1119e-09,0.0000e+00,0.0000e+00,0.0000e+00,0.0000e+00
<ATMOSPHERE-LAYER-72>1.5000e-05,1.8498e+02,2.4198e-06,3.9424e-04,9.9422e-06,7.5451e-10,1.2876e-06,1.5000e-07,2.0900e-01,2.3947e-08,1.7300e-11,2.0547e-10,0.0000e+00,3.0393e-11,1.1273e-08,4.2500e-10,1.8000e-09,7.1500e-12,3.0000e-12,4.5513e-11,0.0000e+00,0.0000e+00,5.9267e-12,7.8100e-01,5.5320e-11,0.0000e+00,1.7653e-09,0.0000e+00,0.0000e+00,0.0000e+00,0.0000e+00
<ATMOSPHERE-GCM-PARAMETERS>360,181,1,0,90,1,-1,Winds,Albedo
<SURFACE-TEMPERATURE>300
<SURFACE-ALBEDO>0.2
<SURFACE-EMISSIVITY>0.8
<SURFACE-GAS-RATIO>1.0
<SURFACE-NSURF>0
<SURFACE-GAS-UNIT>ratio
<SURFACE-MODEL>Lambert
<SURFACE-PHASEMODEL>ISO
<GENERATOR-BEAM>1
<GENERATOR-BEAM-UNIT>diffrac
<GENERATOR-GAS-MODEL>Y
<GENERATOR-CONT-MODEL>Y
<GENERATOR-RANGE1>4
<GENERATOR-RANGE2>18.5
<GENERATOR-RANGEUNIT>um
<GENERATOR-RESOLUTION>100
<GENERATOR-RESOLUTIONUNIT>RP
<GENERATOR-RADUNITS>rel
<GENERATOR-DIAMTELE>6.5
<GENERATOR-LOGRAD>N
<GENERATOR-CONT-STELLAR>N
<GENERATOR-TRANS-APPLY>N
<GENERATOR-TRANS-SHOW>N
<GENERATOR-TRANS>02-01
<GENERATOR-NOISE>CCD
<GENERATOR-NOISE2>0.05
<GENERATOR-NOISETIME>0.4
<GENERATOR-NOISEOTEMP>50
<GENERATOR-NOISEOEFF>0.2
<GENERATOR-NOISEOEMIS>0.1
<GENERATOR-NOISEFRAMES>4000
<GENERATOR-NOISEPIXELS>8
<GENERATOR-NOISE1>16.8
<GENERATOR-TELESCOPE>SINGLE
<GENERATOR-TELESCOPE1>1
<GENERATOR-TELESCOPE2>2.0
<GENERATOR-TELESCOPE3>1.0
<GENERATOR-INSTRUMENT>user
<GENERATOR-RESOLUTIONKERNEL>N
<OBJECT-SHAPE>Sphere
<GEOMETRY-TEMISSION>300.000
<GENERATOR-GCM-BINNING>200
